
          BZ Data-set: "M:\BZ Graphite\Graphite (5,7,7)"




          EXPECTATION VALUE OF OPERATORS FOR POINT K = (  0.0000  0.2887  0.5000)

                     1 Identity       1 Sigma-h(xy) 
  1  -23.2112  1 ( 1.000  0.000)  ( 1.000  0.000) 
  2  -23.0746  2 ( 2.000  0.000)  ( 2.000  0.000) 
  4  -22.9438  1 ( 1.000  0.000)  ( 1.000  0.000) 
  5  -20.6333  2 ( 2.000  0.000)  ( 2.000  0.000) 
  7   -6.1440  3 ( 1.000  0.000)  (-1.000  0.000) 
  8   -5.8493  3 ( 1.000  0.000)  (-1.000  0.000) 
  9   -5.7340  3 ( 1.000  0.000)  (-1.000  0.000) 
 10   -5.3434  3 ( 1.000  0.000)  (-1.000  0.000) 
 11    4.2429  4 ( 6.000  0.000)  ( 6.000  0.000) 



          EXPECTATION VALUE OF OPERATORS FOR POINT T' = (  0.0000  0.2387  0.5000)

                     1 Identity       1 C2"            1 Sigma-h(xy)    1 Sigma-d     
  1  -23.8309  1 ( 1.000  0.000)  ( 1.000  0.000)  ( 1.000  0.000)  ( 1.000  0.000) 
  2  -23.6907  2 ( 1.000  0.000)  (-1.000  0.000)  ( 1.000  0.000)  (-1.000  0.000) 
  3  -23.1399  3 ( 2.000  0.000)  ( 0.000  0.000)  ( 2.000  0.000)  ( 0.000  0.000) 
  5  -19.9018  1 ( 1.000  0.000)  ( 1.000  0.000)  ( 1.000  0.000)  ( 1.000  0.000) 
  6  -19.7682  2 ( 1.000  0.000)  (-1.000  0.000)  ( 1.000  0.000)  (-1.000  0.000) 
  7   -7.7136  4 ( 1.000  0.000)  ( 0.889  0.000)  (-1.000  0.000)  (-0.889  0.000) 
  8   -7.2606  5 ( 1.000  0.000)  (-0.889  0.000)  (-1.000  0.000)  ( 0.889  0.000) 
  9   -4.2558  4 ( 1.000  0.000)  ( 0.810  0.000)  (-1.000  0.000)  (-0.810  0.000) 
 10   -3.9029  5 ( 1.000  0.000)  (-0.810  0.000)  (-1.000  0.000)  ( 0.810  0.000) 
 11    4.1148  6 ( 4.000  0.000)  ( 0.000  0.000)  ( 4.000  0.000)  ( 0.000  0.000) 
 15    4.4167  3 ( 2.000  0.000)  ( 0.000  0.000)  ( 2.000  0.000)  ( 0.000  0.000) 



          EXPECTATION VALUE OF OPERATORS FOR POINT T' = (  0.0000  0.3137  0.4570)

                     1 Identity       1 C2"            1 Sigma-h(xy)    1 Sigma-d     
  1  -23.8277  1 ( 1.000  0.000)  ( 1.000  0.000)  ( 1.000  0.000)  ( 1.000  0.000) 
  2  -23.6875  2 ( 1.000  0.000)  (-1.000  0.000)  ( 1.000  0.000)  (-1.000  0.000) 
  3  -23.1362  3 ( 2.000  0.000)  ( 0.000  0.000)  ( 2.000  0.000)  ( 0.000  0.000) 
  5  -19.9089  1 ( 1.000  0.000)  ( 1.000  0.000)  ( 1.000  0.000)  ( 1.000  0.000) 
  6  -19.7756  2 ( 1.000  0.000)  (-1.000  0.000)  ( 1.000  0.000)  (-1.000  0.000) 
  7   -7.5618  4 ( 1.000  0.000)  ( 0.952  0.000)  (-1.000  0.000)  (-0.952  0.000) 
  8   -7.1784  5 ( 1.000  0.000)  (-0.952 -0.000)  (-1.000  0.000)  ( 0.952  0.000) 
  9   -4.3348  4 ( 1.000  0.000)  ( 0.907  0.000)  (-1.000  0.000)  (-0.907  0.000) 
 10   -4.0572  5 ( 1.000  0.000)  (-0.907  0.000)  (-1.000  0.000)  ( 0.907  0.000) 
 11    4.1152  6 ( 4.000  0.000)  ( 0.000  0.000)  ( 4.000  0.000)  ( 0.000  0.000) 
 15    4.4150  3 ( 2.000  0.000)  ( 0.000  0.000)  ( 2.000  0.000)  ( 0.000  0.000) 



          EXPECTATION VALUE OF OPERATORS FOR POINT T' = (  0.0000  0.3137  0.5433)

                     1 Identity       1 C2"            1 Sigma-h(xy)    1 Sigma-d     
  1  -23.8316  1 ( 1.000  0.000)  ( 1.000  0.000)  ( 1.000  0.000)  ( 1.000  0.000) 
  2  -23.6914  2 ( 1.000  0.000)  (-1.000  0.000)  ( 1.000  0.000)  (-1.000  0.000) 
  3  -23.1397  3 ( 2.000  0.000)  ( 0.000  0.000)  ( 2.000  0.000)  ( 0.000  0.000) 
  5  -19.9026  1 ( 1.000  0.000)  ( 1.000  0.000)  ( 1.000  0.000)  ( 1.000  0.000) 
  6  -19.7690  2 ( 1.000  0.000)  (-1.000  0.000)  ( 1.000  0.000)  (-1.000  0.000) 
  7   -7.7792  4 ( 1.000  0.000)  ( 1.000  0.000)  (-1.000  0.000)  (-1.000  0.000) 
  8   -7.3987  5 ( 1.000  0.000)  (-1.000  0.000)  (-1.000  0.000)  ( 1.000  0.000) 
  9   -4.1091  4 ( 1.000  0.000)  ( 1.000  0.000)  (-1.000  0.000)  (-1.000  0.000) 
 10   -3.8459  5 ( 1.000  0.000)  (-1.000  0.000)  (-1.000  0.000)  ( 1.000  0.000) 
 11    4.1160  6 ( 4.000  0.000)  ( 0.000  0.000)  ( 4.000  0.000)  ( 0.000  0.000) 
 15    4.4165  3 ( 2.000  0.000)  ( 0.000  0.000)  ( 2.000  0.000)  ( 0.000  0.000) 



          EXPECTATION VALUE OF OPERATORS FOR POINT T = (  0.0000  0.2598  0.4500)

                     1 Identity       1 C2"            1 Sigma-h(xy)    1 Sigma-d     
  1  -24.8171  1 ( 1.000  0.000)  ( 1.000  0.000)  ( 1.000  0.000)  ( 1.000  0.000) 
  2  -24.5044  2 ( 1.000  0.000)  (-1.000  0.000)  ( 1.000  0.000)  (-1.000  0.000) 
  3  -22.1626  1 ( 1.000  0.000)  ( 1.000  0.000)  ( 1.000  0.000)  ( 1.000  0.000) 
  4  -22.0442  2 ( 1.000  0.000)  (-1.000  0.000)  ( 1.000  0.000)  (-1.000  0.000) 
  5  -19.9316  3 ( 2.000  0.000)  ( 0.000  0.000)  ( 2.000  0.000)  ( 0.000  0.000) 
  7   -8.1598  4 ( 1.000  0.000)  ( 0.993  0.000)  (-1.000  0.000)  (-0.993  0.000) 
  8   -7.7140  5 ( 1.000  0.000)  (-0.993  0.000)  (-1.000  0.000)  ( 0.993  0.000) 
  9   -3.7893  4 ( 1.000  0.000)  ( 0.982  0.000)  (-1.000  0.000)  (-0.982  0.000) 
 10   -3.5123  5 ( 1.000  0.000)  (-0.982  0.000)  (-1.000  0.000)  ( 0.982  0.000) 
 11    4.0207  3 ( 2.000  0.000)  ( 0.000  0.000)  ( 2.000  0.000)  ( 0.000  0.000) 
 13    4.2563  3 ( 2.000  0.000)  ( 0.000  0.000)  ( 2.000  0.000)  ( 0.000  0.000) 
 15    4.3694  3 ( 2.000  0.000)  ( 0.000  0.000)  ( 2.000  0.000)  ( 0.000  0.000) 



          EXPECTATION VALUE OF OPERATORS FOR POINT T = (  0.0000  0.3175  0.5500)

                     1 Identity       1 C2"            1 Sigma-h(xy)    1 Sigma-d     
  1  -23.9221  1 ( 1.000  0.000)  ( 1.000  0.000)  ( 1.000  0.000)  ( 1.000  0.000) 
  2  -23.7813  2 ( 1.000  0.000)  (-1.000  0.000)  ( 1.000  0.000)  (-1.000  0.000) 
  3  -23.2420  3 ( 2.000  0.000)  ( 0.000  0.000)  ( 2.000  0.000)  ( 0.000  0.000) 
  5  -19.6926  1 ( 1.000  0.000)  ( 1.000  0.000)  ( 1.000  0.000)  ( 1.000  0.000) 
  6  -19.5552  2 ( 1.000  0.000)  (-1.000  0.000)  ( 1.000  0.000)  (-1.000  0.000) 
  7   -8.0031  4 ( 1.000  0.000)  ( 1.000  0.000)  (-1.000  0.000)  (-1.000  0.000) 
  8   -7.6216  5 ( 1.000  0.000)  (-1.000  0.000)  (-1.000  0.000)  ( 1.000  0.000) 
  9   -3.8861  4 ( 1.000  0.000)  ( 0.999  0.000)  (-1.000  0.000)  (-0.999  0.000) 
 10   -3.6410  5 ( 1.000  0.000)  (-1.000  0.000)  (-1.000  0.000)  ( 1.000  0.000) 
 11    4.0948  6 ( 4.000  0.000)  ( 0.000  0.000)  ( 4.000  0.000)  ( 0.000  0.000) 
 15    4.4404  3 ( 2.000  0.000)  ( 0.000  0.000)  ( 2.000  0.000)  ( 0.000  0.000) 



          EXPECTATION VALUE OF OPERATORS FOR POINT T = (  0.0000  0.3464  0.5000)

                     1 Identity       1 C2"            1 Sigma-h(xy)    1 Sigma-d     
  1  -24.8172  1 ( 1.000  0.000)  ( 1.000  0.000)  ( 1.000  0.000)  ( 1.000  0.000) 
  2  -24.5045  2 ( 1.000  0.000)  (-1.000  0.000)  ( 1.000  0.000)  (-1.000  0.000) 
  3  -22.1628  1 ( 1.000  0.000)  ( 1.000  0.000)  ( 1.000  0.000)  ( 1.000  0.000) 
  4  -22.0443  2 ( 1.000  0.000)  (-1.000  0.000)  ( 1.000  0.000)  (-1.000  0.000) 
  5  -19.9320  3 ( 2.000  0.000)  ( 0.000  0.000)  ( 2.000  0.000)  ( 0.000  0.000) 
  7   -8.1928  4 ( 1.000  0.000)  ( 0.998  0.000)  (-1.000  0.000)  (-0.998  0.000) 
  8   -7.7456  5 ( 1.000  0.000)  (-0.998  0.000)  (-1.000  0.000)  ( 0.998  0.000) 
  9   -3.7567  4 ( 1.000  0.000)  ( 0.996  0.000)  (-1.000  0.000)  (-0.996  0.000) 
 10   -3.4803  5 ( 1.000  0.000)  (-0.996  0.000)  (-1.000  0.000)  ( 0.996  0.000) 
 11    4.0213  3 ( 2.000  0.000)  ( 0.000  0.000)  ( 2.000  0.000)  ( 0.000  0.000) 
 13    4.2565  3 ( 2.000  0.000)  ( 0.000  0.000)  ( 2.000  0.000)  ( 0.000  0.000) 
 15    4.3695  3 ( 2.000  0.000)  ( 0.000  0.000)  ( 2.000  0.000)  ( 0.000  0.000) 
