
          BZ Data-set: "M:\BZ Graphite\Graphite (5,7,7)"




          EXPECTATION VALUE OF OPERATORS FOR POINT Gamma = (  0.0000  0.0000  0.0000)

                     1 Identity       2 C6(z)          2 C3             1 C2             3 C'2            3 C2"            1 Inversion      2 S3             2 S6             1 Sigma-h(xy)    3 Sigma-d        3 Sigma-v     
  1  -33.9060  1 ( 1.000  0.000)  ( 1.000  0.000)  ( 1.000  0.000)  ( 1.000  0.000)  ( 1.000  0.000)  ( 1.000  0.000)  ( 1.000  0.000)  ( 1.000  0.000)  ( 1.000  0.000)  ( 1.000  0.000)  ( 1.000  0.000)  ( 1.000  0.000) 
  2  -33.2130  2 ( 1.000  0.000)  (-1.000  0.000)  ( 1.000  0.000)  (-1.000  0.000)  ( 1.000  0.000)  (-1.000  0.000)  (-1.000  0.000)  ( 1.000  0.000)  (-1.000  0.000)  ( 1.000  0.000)  (-1.000  0.000)  ( 1.000  0.000) 
  3  -18.6309  3 ( 1.000  0.000)  (-1.000  0.000)  ( 1.000  0.000)  (-1.000  0.000)  (-1.000  0.000)  ( 1.000  0.000)  ( 1.000  0.000)  (-1.000  0.000)  ( 1.000  0.000)  (-1.000  0.000)  (-1.000  0.000)  ( 1.000  0.000) 
  4  -16.5022  4 ( 1.000  0.000)  ( 1.000  0.000)  ( 1.000  0.000)  ( 1.000  0.000)  (-1.000  0.000)  (-1.000  0.000)  (-1.000  0.000)  (-1.000  0.000)  (-1.000  0.000)  (-1.000  0.000)  ( 1.000  0.000)  ( 1.000  0.000) 
  5  -11.7445  5 ( 4.000  0.000)  ( 0.000  0.000)  (-2.000  0.000)  ( 0.000  0.000)  ( 0.000  0.000)  ( 0.000  0.000)  ( 0.000  0.000)  (-2.000  0.000)  ( 0.000  0.000)  ( 4.000  0.000)  ( 0.000  0.000)  ( 0.000  0.000) 
  9    1.5627  5 ( 4.000  0.000)  ( 0.000  0.000)  (-2.000  0.000)  ( 0.000  0.000)  ( 0.000  0.000)  ( 0.000  0.000)  ( 0.000  0.000)  (-2.000  0.000)  ( 0.000  0.000)  ( 4.000  0.000)  ( 0.000  0.000)  ( 0.000  0.000) 
 13    2.5757  6 ( 2.000  0.000)  ( 0.000  0.000)  ( 2.000  0.000)  ( 0.000  0.000)  (-2.000  0.000)  ( 0.000  0.000)  ( 0.000  0.000)  (-2.000  0.000)  ( 0.000  0.000)  (-2.000  0.000)  ( 0.000  0.000)  ( 2.000  0.000) 
 15    3.5844  7 ( 2.000  0.000)  ( 0.000  0.000)  ( 2.000  0.000)  ( 0.000  0.000)  ( 2.000  0.000)  ( 0.000  0.000)  ( 0.000  0.000)  ( 2.000  0.000)  ( 0.000  0.000)  ( 2.000  0.000)  ( 0.000  0.000)  ( 2.000  0.000) 



          EXPECTATION VALUE OF OPERATORS FOR POINT A = (  0.4330  0.0000  0.0000)

                     1 Identity       2 C3             3 Sigma-v     
  1  -33.5920  1 ( 2.000  0.000)  ( 2.000  0.000)  ( 2.000  0.000) 
  3  -17.5351  1 ( 2.000  0.000)  ( 2.000  0.000)  ( 2.000  0.000) 
  5  -11.7382  2 ( 4.000  0.000)  (-2.000  0.000)  ( 0.000  0.000) 
  9    1.5647  2 ( 4.000  0.000)  (-2.000  0.000)  ( 0.000  0.000) 
 13    2.5916  1 ( 2.000  0.000)  ( 2.000  0.000)  ( 2.000  0.000) 
 15    3.5887  1 ( 2.000  0.000)  ( 2.000  0.000)  ( 2.000  0.000) 



          EXPECTATION VALUE OF OPERATORS FOR POINT M = (  0.0000  0.0000  0.5000)

                     1 Identity       1 C2             1 C'2            1 C2"            1 Inversion      1 Sigma-h(xy)    1 Sigma-d        1 Sigma-v     
  1  -25.5593  1 ( 1.000  0.000)  (-0.999  0.000)  ( 1.000  0.000)  (-0.999  0.000)  (-0.999  0.000)  ( 1.000  0.000)  (-0.999  0.000)  ( 1.000  0.000) 
  2  -25.4171  2 ( 1.000  0.000)  ( 0.999  0.000)  ( 1.000  0.000)  ( 0.999  0.000)  ( 0.999  0.000)  ( 1.000  0.000)  ( 0.999  0.000)  ( 1.000  0.000) 
  3  -24.9910  2 ( 1.000  0.000)  ( 1.000  0.000)  ( 1.000  0.000)  ( 1.000  0.000)  ( 1.000  0.000)  ( 1.000  0.000)  ( 1.000  0.000)  ( 1.000  0.000) 
  4  -24.8608  1 ( 1.000  0.000)  (-1.000  0.000)  ( 1.000  0.000)  (-1.000  0.000)  (-1.000  0.000)  ( 1.000  0.000)  (-1.000  0.000)  ( 1.000  0.000) 
  5  -15.2923  3 ( 2.000  0.000)  ( 0.000  0.000)  (-2.000  0.000)  ( 0.000  0.000)  ( 0.000  0.000)  ( 2.000  0.000)  ( 0.000  0.000)  (-2.000  0.000) 
  7  -10.7148  4 ( 1.000  0.000)  (-0.980  0.000)  (-1.000  0.000)  ( 0.980  0.000)  ( 0.980  0.000)  (-1.000  0.000)  (-0.980  0.000)  ( 1.000  0.000) 
  8  -10.3293  5 ( 1.000  0.000)  ( 0.980  0.000)  (-1.000  0.000)  (-0.980  0.000)  (-0.980  0.000)  (-1.000  0.000)  ( 0.980  0.000)  ( 1.000  0.000) 
  9   -1.4040  6 ( 2.000  0.000)  ( 0.000  0.000)  (-2.000  0.000)  ( 0.000  0.000)  ( 0.000  0.000)  (-2.000  0.000)  ( 0.000  0.000)  ( 2.000  0.000) 
 11    3.3533  7 ( 2.000  0.000)  ( 0.000  0.000)  ( 2.000  0.000)  ( 0.000  0.000)  ( 0.000  0.000)  ( 2.000  0.000)  ( 0.000  0.000)  ( 2.000  0.000) 
 13    3.6731  3 ( 2.000  0.000)  ( 0.000  0.000)  (-2.000  0.000)  ( 0.000  0.000)  ( 0.000  0.000)  ( 2.000  0.000)  ( 0.000  0.000)  (-2.000  0.000) 
 15    4.8025  7 ( 2.000  0.000)  ( 0.000  0.000)  ( 2.000  0.000)  ( 0.000  0.000)  ( 0.000  0.000)  ( 2.000  0.000)  ( 0.000  0.000)  ( 2.000  0.000) 



          EXPECTATION VALUE OF OPERATORS FOR POINT M = (  0.0000  0.4330  0.2500)

                     1 Identity       1 C2             1 C'2            1 C2"            1 Inversion      1 Sigma-h(xy)    1 Sigma-d        1 Sigma-v     
  1  -25.5570  1 ( 1.000  0.000)  (-1.000  0.000)  ( 1.000  0.000)  (-1.000  0.000)  (-1.000  0.000)  ( 1.000  0.000)  (-1.000  0.000)  ( 1.000  0.000) 
  2  -25.4154  2 ( 1.000  0.000)  ( 1.000  0.000)  ( 1.000  0.000)  ( 1.000  0.000)  ( 1.000  0.000)  ( 1.000  0.000)  ( 1.000  0.000)  ( 1.000  0.000) 
  3  -24.9911  2 ( 1.000  0.000)  ( 1.000  0.000)  ( 1.000  0.000)  ( 1.000  0.000)  ( 1.000  0.000)  ( 1.000  0.000)  ( 1.000  0.000)  ( 1.000  0.000) 
  4  -24.8613  1 ( 1.000  0.000)  (-1.000  0.000)  ( 1.000  0.000)  (-1.000  0.000)  (-1.000  0.000)  ( 1.000  0.000)  (-1.000  0.000)  ( 1.000  0.000) 
  5  -15.2905  3 ( 2.000  0.000)  ( 0.000  0.000)  (-2.000  0.000)  ( 0.000  0.000)  ( 0.000  0.000)  ( 2.000  0.000)  ( 0.000  0.000)  (-2.000  0.000) 
  7  -10.7376  4 ( 1.000  0.000)  (-0.994  0.000)  (-1.000  0.000)  ( 0.994  0.000)  ( 0.994  0.000)  (-1.000  0.000)  (-0.994  0.000)  ( 1.000  0.000) 
  8  -10.3760  5 ( 1.000  0.000)  ( 0.994  0.000)  (-1.000  0.000)  (-0.994  0.000)  (-0.994  0.000)  (-1.000  0.000)  ( 0.994  0.000)  ( 1.000  0.000) 
  9   -1.3596  6 ( 2.000  0.000)  ( 0.000  0.000)  (-2.000  0.000)  ( 0.000  0.000)  ( 0.000  0.000)  (-2.000  0.000)  ( 0.000  0.000)  ( 2.000  0.000) 
 11    3.3538  7 ( 2.000  0.000)  ( 0.000  0.000)  ( 2.000  0.000)  ( 0.000  0.000)  ( 0.000  0.000)  ( 2.000  0.000)  ( 0.000  0.000)  ( 2.000  0.000) 
 13    3.6739  3 ( 2.000  0.000)  ( 0.000  0.000)  (-2.000  0.000)  ( 0.000  0.000)  ( 0.000  0.000)  ( 2.000  0.000)  ( 0.000  0.000)  (-2.000  0.000) 
 15    4.8027  7 ( 2.000  0.000)  ( 0.000  0.000)  ( 2.000  0.000)  ( 0.000  0.000)  ( 0.000  0.000)  ( 2.000  0.000)  ( 0.000  0.000)  ( 2.000  0.000) 



          EXPECTATION VALUE OF OPERATORS FOR POINT L = (  0.4330  0.0000  0.5000)

                     1 Identity       1 Sigma-v     
  1  -25.4430  1 ( 2.000  0.000)  ( 2.000  0.000) 
  3  -24.9816  1 ( 2.000  0.000)  ( 2.000  0.000) 
  5  -15.2647  2 ( 2.000  0.000)  (-2.000  0.000) 
  7  -10.5481  1 ( 2.000  0.000)  ( 2.000  0.000) 
  9   -1.4082  1 ( 2.000  0.000)  ( 2.000  0.000) 
 11    3.3628  1 ( 2.000  0.000)  ( 2.000  0.000) 
 13    3.6732  2 ( 2.000  0.000)  (-2.000  0.000) 
 15    4.8030  1 ( 2.000  0.000)  ( 2.000  0.000) 



          EXPECTATION VALUE OF OPERATORS FOR POINT L = (  0.4330  0.4330  0.2500)

                     1 Identity       1 Sigma-v     
  1  -25.4375  1 ( 2.000  0.000)  ( 2.000  0.000) 
  3  -24.9823  1 ( 2.000  0.000)  ( 2.000  0.000) 
  5  -15.2605  2 ( 2.000  0.000)  (-2.000  0.000) 
  7  -10.5647  1 ( 2.000  0.000)  ( 2.000  0.000) 
  9   -1.3566  1 ( 2.000  0.000)  ( 2.000  0.000) 
 11    3.3631  1 ( 2.000  0.000)  ( 2.000  0.000) 
 13    3.6740  2 ( 2.000  0.000)  (-2.000  0.000) 
 15    4.8040  1 ( 2.000  0.000)  ( 2.000  0.000) 



          EXPECTATION VALUE OF OPERATORS FOR POINT L = (  0.4330 -0.4330  0.2500)

                     1 Identity       1 Sigma-v     
  1  -25.4430  1 ( 2.000  0.000)  ( 2.000  0.000) 
  3  -24.9816  1 ( 2.000  0.000)  ( 2.000  0.000) 
  5  -15.2593  2 ( 2.000  0.000)  (-2.000  0.000) 
  7  -10.5481  1 ( 2.000  0.000)  ( 2.000  0.000) 
  9   -1.3317  1 ( 2.000  0.000)  ( 2.000  0.000) 
 11    3.3630  1 ( 2.000  0.000)  ( 2.000  0.000) 
 13    3.6732  2 ( 2.000  0.000)  (-2.000  0.000) 
 15    4.8111  1 ( 2.000  0.000)  ( 2.000  0.000) 



          EXPECTATION VALUE OF OPERATORS FOR POINT K = (  0.0000  0.5774  0.0000)

                     1 Identity       1 Sigma-h(xy) 
  1  -23.2112  1 ( 1.000  0.000)  ( 1.000  0.000) 
  2  -23.0746  2 ( 2.000  0.000)  ( 2.000  0.000) 
  4  -22.9438  1 ( 1.000  0.000)  ( 1.000  0.000) 
  5  -20.6333  2 ( 2.000  0.000)  ( 2.000  0.000) 
  7   -6.1440  3 ( 1.000  0.000)  (-1.000  0.000) 
  8   -5.8493  3 ( 1.000  0.000)  (-1.000  0.000) 
  9   -5.7340  3 ( 1.000  0.000)  (-1.000  0.000) 
 10   -5.3434  3 ( 1.000  0.000)  (-1.000  0.000) 
 11    4.2429  4 ( 6.000  0.000)  ( 6.000  0.000) 



          EXPECTATION VALUE OF OPERATORS FOR POINT H = (  0.4330  0.5774  0.0000)

                     1 Identity    
  1  -23.0800  1 ( 4.000  0.000) 
  5  -20.6418  2 ( 2.000  0.000) 
  7   -5.9203  2 ( 2.000  0.000) 
  9   -5.6385  2 ( 2.000  0.000) 
 11    4.2430  3 ( 6.000  0.000) 



          EXPECTATION VALUE OF OPERATORS FOR POINT Sigma = (  0.0000  0.0000  0.3000)

                     1 Identity       1 C'2            1 Sigma-h(xy)    1 Sigma-v     
  1  -31.6408  1 ( 1.000  0.000)  ( 1.000  0.000)  ( 1.000  0.000)  ( 1.000  0.000) 
  2  -31.0266  1 ( 1.000  0.000)  ( 1.000  0.000)  ( 1.000  0.000)  ( 1.000  0.000) 
  3  -17.7619  1 ( 1.000  0.000)  ( 1.000  0.000)  ( 1.000  0.000)  ( 1.000  0.000) 
  4  -17.6340  1 ( 1.000  0.000)  ( 1.000  0.000)  ( 1.000  0.000)  ( 1.000  0.000) 
  5  -14.3257  2 ( 1.000  0.000)  (-1.000  0.000)  (-1.000  0.000)  ( 1.000  0.000) 
  6  -14.2068  3 ( 2.000  0.000)  (-2.000  0.000)  ( 2.000  0.000)  (-2.000  0.000) 
  8  -13.1197  2 ( 1.000  0.000)  (-1.000  0.000)  (-1.000  0.000)  ( 1.000  0.000) 
  9    0.7439  4 ( 2.000  0.000)  (-2.000  0.000)  (-2.000  0.000)  ( 2.000  0.000) 
 11    2.9209  5 ( 2.000  0.000)  ( 2.000  0.000)  ( 2.000  0.000)  ( 2.000  0.000) 
 13    3.0934  3 ( 2.000  0.000)  (-2.000  0.000)  ( 2.000  0.000)  (-2.000  0.000) 
 15    4.3999  5 ( 2.000  0.000)  ( 2.000  0.000)  ( 2.000  0.000)  ( 2.000  0.000) 



          EXPECTATION VALUE OF OPERATORS FOR POINT T = (  0.0000  0.3000  0.0000)

                     1 Identity       1 C2"            1 Sigma-h(xy)    1 Sigma-d     
  1  -31.6390  1 ( 1.000  0.000)  ( 1.000  0.000)  ( 1.000  0.000)  ( 1.000  0.000) 
  2  -31.0252  2 ( 1.000  0.000)  (-1.000  0.000)  ( 1.000  0.000)  (-1.000  0.000) 
  3  -16.9637  3 ( 2.000  0.000)  ( 0.000  0.000)  ( 2.000  0.000)  ( 0.000  0.000) 
  5  -15.0867  3 ( 2.000  0.000)  ( 0.000  0.000)  ( 2.000  0.000)  ( 0.000  0.000) 
  7  -14.2917  4 ( 1.000  0.000)  ( 1.000  0.000)  (-1.000  0.000)  (-1.000  0.000) 
  8  -13.0820  5 ( 1.000  0.000)  (-1.000  0.000)  (-1.000  0.000)  ( 1.000  0.000) 
  9    0.7251  6 ( 2.000  0.000)  ( 0.000  0.000)  (-2.000  0.000)  ( 0.000  0.000) 
 11    2.9483  3 ( 2.000  0.000)  ( 0.000  0.000)  ( 2.000  0.000)  ( 0.000  0.000) 
 13    3.2777  3 ( 2.000  0.000)  ( 0.000  0.000)  ( 2.000  0.000)  ( 0.000  0.000) 
 15    4.3101  3 ( 2.000  0.000)  ( 0.000  0.000)  ( 2.000  0.000)  ( 0.000  0.000) 



          EXPECTATION VALUE OF OPERATORS FOR POINT T' = (  0.0000  0.3000  0.5000)

                     1 Identity       1 Sigma-h(xy) 
  1  -23.3870  1 ( 1.000  0.000)  ( 1.000  0.000) 
  2  -23.2003  1 ( 1.000  0.000)  ( 1.000  0.000) 
  3  -22.9609  1 ( 1.000  0.000)  ( 1.000  0.000) 
  4  -22.8299  1 ( 1.000  0.000)  ( 1.000  0.000) 
  5  -20.6088  2 ( 2.000  0.000)  ( 2.000  0.000) 
  7   -6.4347  3 ( 1.000  0.000)  (-1.000  0.000) 
  8   -6.0583  3 ( 1.000  0.000)  (-1.000  0.000) 
  9   -5.4853  3 ( 1.000  0.000)  (-1.000  0.000) 
 10   -5.0961  3 ( 1.000  0.000)  (-1.000  0.000) 
 11    4.2047  4 ( 6.000  0.000)  ( 6.000  0.000) 



          EXPECTATION VALUE OF OPERATORS FOR POINT Delta = (  0.3000  0.0000  0.0000)

                     1 Identity       2 C6(z)          2 C3             1 C2             3 Sigma-d        3 Sigma-v     
  1  -33.7448  1 ( 1.000  0.000)  ( 0.464 -0.886)  ( 1.000  0.000)  ( 0.464 -0.886)  ( 0.464 -0.886)  ( 1.000  0.000) 
  2  -33.4253  2 ( 1.000  0.000)  (-0.464  0.886)  ( 1.000  0.000)  (-0.464  0.886)  (-0.464  0.886)  ( 1.000  0.000) 
  3  -18.0347  2 ( 1.000  0.000)  (-0.464  0.886)  ( 1.000  0.000)  (-0.464  0.886)  (-0.464  0.886)  ( 1.000  0.000) 
  4  -17.0490  1 ( 1.000  0.000)  ( 0.464 -0.886)  ( 1.000  0.000)  ( 0.464 -0.886)  ( 0.464 -0.886)  ( 1.000  0.000) 
  5  -11.7411  3 ( 4.000  0.000)  ( 0.000  0.000)  (-2.000  0.000)  ( 0.000  0.000)  ( 0.000  0.000)  ( 0.000  0.000) 
  9    1.5638  3 ( 4.000  0.000)  ( 0.000  0.000)  (-2.000  0.000)  ( 0.000  0.000)  ( 0.000  0.000)  ( 0.000  0.000) 
 13    2.5842  4 ( 2.000  0.000)  ( 0.000  0.000)  ( 2.000  0.000)  ( 0.000  0.000)  ( 0.000  0.000)  ( 2.000  0.000) 
 15    3.5867  4 ( 2.000  0.000)  ( 0.000  0.000)  ( 2.000  0.000)  ( 0.000  0.000)  ( 0.000  0.000)  ( 2.000  0.000) 



          EXPECTATION VALUE OF OPERATORS FOR POINT P = (  0.3000  0.5774  0.0000)

                     1 Identity    
  1  -23.1415  1 ( 4.000  0.000) 
  5  -20.6400  2 ( 2.000  0.000) 
  7   -5.9957  3 ( 1.000  0.000) 
  8   -5.8634  3 ( 1.000  0.000) 
  9   -5.6976  3 ( 1.000  0.000) 
 10   -5.5072  3 ( 1.000  0.000) 
 11    4.2430  4 ( 6.000  0.000) 



          EXPECTATION VALUE OF OPERATORS FOR POINT U = (  0.3000  0.0000  0.5000)

                     1 Identity       1 C2             1 Sigma-d        1 Sigma-v     
  1  -25.4880  1 ( 2.000  0.000)  ( 0.000  0.000)  ( 0.000  0.000)  ( 2.000  0.000) 
  3  -25.0045  1 ( 2.000  0.000)  ( 0.000  0.000)  ( 0.000  0.000)  ( 2.000  0.000) 
  5  -15.2763  2 ( 2.000  0.000)  ( 0.000  0.000)  ( 0.000  0.000)  (-2.000  0.000) 
  7  -10.6081  3 ( 1.000  0.000)  (-0.425  0.812)  (-0.425  0.812)  ( 1.000  0.000) 
  8  -10.4168  4 ( 1.000  0.000)  ( 0.425 -0.812)  ( 0.425 -0.812)  ( 1.000  0.000) 
  9   -1.4073  1 ( 2.000  0.000)  ( 0.000  0.000)  ( 0.000  0.000)  ( 2.000  0.000) 
 11    3.3585  1 ( 2.000  0.000)  ( 0.000  0.000)  ( 0.000  0.000)  ( 2.000  0.000) 
 13    3.6732  2 ( 2.000  0.000)  ( 0.000  0.000)  ( 0.000  0.000)  (-2.000  0.000) 
 15    4.8029  1 ( 2.000  0.000)  ( 0.000  0.000)  ( 0.000  0.000)  ( 2.000  0.000) 



          EXPECTATION VALUE OF OPERATORS FOR POINT R = (  0.5000  0.0000  0.3000)

                     1 Identity       1 Sigma-v     
  1  -31.4197  1 ( 1.000  0.000)  ( 1.000  0.000) 
  2  -31.2722  1 ( 1.000  0.000)  ( 1.000  0.000) 
  3  -17.7140  2 ( 2.000  0.000)  ( 2.000  0.000) 
  5  -14.1886  3 ( 2.000  0.000)  (-2.000  0.000) 
  7  -13.8551  1 ( 1.000  0.000)  ( 1.000  0.000) 
  8  -13.5651  1 ( 1.000  0.000)  ( 1.000  0.000) 
  9    0.7790  2 ( 2.000  0.000)  ( 2.000  0.000) 
 11    2.9280  2 ( 2.000  0.000)  ( 2.000  0.000) 
 13    3.0937  3 ( 2.000  0.000)  (-2.000  0.000) 
 15    4.4008  2 ( 2.000  0.000)  ( 2.000  0.000) 



          EXPECTATION VALUE OF OPERATORS FOR POINT S = (  0.5000  0.3000  0.0000)

                     1 Identity       1 Sigma-d     
  1  -31.4181  1 ( 1.000  0.000)  ( 0.241  0.971) 
  2  -31.2707  2 ( 1.000  0.000)  (-0.241 -0.971) 
  3  -16.9423  3 ( 2.000  0.000)  ( 0.000  0.000) 
  5  -15.0731  3 ( 2.000  0.000)  ( 0.000  0.000) 
  7  -13.8200  2 ( 1.000  0.000)  (-0.239 -0.966) 
  8  -13.5279  1 ( 1.000  0.000)  ( 0.239  0.966) 
  9    0.7523  3 ( 2.000  0.000)  ( 0.000  0.000) 
 11    2.9492  3 ( 2.000  0.000)  ( 0.000  0.000) 
 13    3.2826  3 ( 2.000  0.000)  ( 0.000  0.000) 
 15    4.3110  3 ( 2.000  0.000)  ( 0.000  0.000) 



          EXPECTATION VALUE OF OPERATORS FOR POINT S' = (  0.3000  0.4330  0.2500)

                     1 Identity       1 C2             1 Sigma-d        1 Sigma-v     
  1  -25.4855  1 ( 2.000  0.000)  ( 0.000  0.000)  ( 0.000  0.000)  ( 2.000  0.000) 
  3  -25.0050  1 ( 2.000  0.000)  ( 0.000  0.000)  ( 0.000  0.000)  ( 2.000  0.000) 
  5  -15.2744  2 ( 2.000  0.000)  ( 0.000  0.000)  ( 0.000  0.000)  (-2.000  0.000) 
  7  -10.6326  3 ( 1.000  0.000)  (-0.450  0.860)  (-0.450  0.860)  ( 1.000  0.000) 
  8  -10.4608  4 ( 1.000  0.000)  ( 0.450 -0.860)  ( 0.450 -0.860)  ( 1.000  0.000) 
  9   -1.3577  1 ( 2.000  0.000)  ( 0.000  0.000)  ( 0.000  0.000)  ( 2.000  0.000) 
 11    3.3589  1 ( 2.000  0.000)  ( 0.000  0.000)  ( 0.000  0.000)  ( 2.000  0.000) 
 13    3.6740  2 ( 2.000  0.000)  ( 0.000  0.000)  ( 0.000  0.000)  (-2.000  0.000) 
 15    4.8036  1 ( 2.000  0.000)  ( 0.000  0.000)  ( 0.000  0.000)  ( 2.000  0.000) 



          EXPECTATION VALUE OF OPERATORS FOR POINT = (  0.0000  0.0000  0.0000)

                     1 Identity       2 C6(z)          2 C3             1 C2             3 C'2            3 C2"            1 Inversion      2 S3             2 S6             1 Sigma-h(xy)    3 Sigma-d        3 Sigma-v     
  1  -33.9060  1 ( 1.000  0.000)  ( 1.000  0.000)  ( 1.000  0.000)  ( 1.000  0.000)  ( 1.000  0.000)  ( 1.000  0.000)  ( 1.000  0.000)  ( 1.000  0.000)  ( 1.000  0.000)  ( 1.000  0.000)  ( 1.000  0.000)  ( 1.000  0.000) 
  2  -33.2130  2 ( 1.000  0.000)  (-1.000  0.000)  ( 1.000  0.000)  (-1.000  0.000)  ( 1.000  0.000)  (-1.000  0.000)  (-1.000  0.000)  ( 1.000  0.000)  (-1.000  0.000)  ( 1.000  0.000)  (-1.000  0.000)  ( 1.000  0.000) 
  3  -18.6309  3 ( 1.000  0.000)  (-1.000  0.000)  ( 1.000  0.000)  (-1.000  0.000)  (-1.000  0.000)  ( 1.000  0.000)  ( 1.000  0.000)  (-1.000  0.000)  ( 1.000  0.000)  (-1.000  0.000)  (-1.000  0.000)  ( 1.000  0.000) 
  4  -16.5022  4 ( 1.000  0.000)  ( 1.000  0.000)  ( 1.000  0.000)  ( 1.000  0.000)  (-1.000  0.000)  (-1.000  0.000)  (-1.000  0.000)  (-1.000  0.000)  (-1.000  0.000)  (-1.000  0.000)  ( 1.000  0.000)  ( 1.000  0.000) 
  5  -11.7445  5 ( 4.000  0.000)  ( 0.000  0.000)  (-2.000  0.000)  ( 0.000  0.000)  ( 0.000  0.000)  ( 0.000  0.000)  ( 0.000  0.000)  (-2.000  0.000)  ( 0.000  0.000)  ( 4.000  0.000)  ( 0.000  0.000)  ( 0.000  0.000) 
  9    1.5627  5 ( 4.000  0.000)  ( 0.000  0.000)  (-2.000  0.000)  ( 0.000  0.000)  ( 0.000  0.000)  ( 0.000  0.000)  ( 0.000  0.000)  (-2.000  0.000)  ( 0.000  0.000)  ( 4.000  0.000)  ( 0.000  0.000)  ( 0.000  0.000) 
 13    2.5757  6 ( 2.000  0.000)  ( 0.000  0.000)  ( 2.000  0.000)  ( 0.000  0.000)  (-2.000  0.000)  ( 0.000  0.000)  ( 0.000  0.000)  (-2.000  0.000)  ( 0.000  0.000)  (-2.000  0.000)  ( 0.000  0.000)  ( 2.000  0.000) 
 15    3.5844  7 ( 2.000  0.000)  ( 0.000  0.000)  ( 2.000  0.000)  ( 0.000  0.000)  ( 2.000  0.000)  ( 0.000  0.000)  ( 0.000  0.000)  ( 2.000  0.000)  ( 0.000  0.000)  ( 2.000  0.000)  ( 0.000  0.000)  ( 2.000  0.000) 
